{
 "cells": [
  {
   "cell_type": "code",
   "execution_count": 38,
   "metadata": {},
   "outputs": [],
   "source": [
    "import struct\n",
    "\n",
    "A_str = \"\"\"\n",
    "40f9ada7\n",
    "409cb09b\n",
    "4059e320\n",
    "40329e60\n",
    "40cecf33\n",
    "40db146d\n",
    "40e3fd8c\n",
    "407c4599\n",
    "40dd0448\n",
    "40db8291\n",
    "40650f51\n",
    "4073d090\n",
    "40af23ae\n",
    "4003166a\n",
    "40a71c49\n",
    "40564897\n",
    "40c63b1b\n",
    "406a75f5\n",
    "40d0477c\n",
    "40c399da\n",
    "401a1e0c\n",
    "4003dcfa\n",
    "40eeceda\n",
    "4080ea9f\n",
    "40f587a3\n",
    "40f354ef\n",
    "404c3eec\n",
    "40ed45e2\n",
    "40f90726\n",
    "40261f8a\n",
    "4054dadc\n",
    "40870f20\n",
    "40f402bc\n",
    "40932a93\n",
    "40c09715\n",
    "4096c219\n",
    "40c76bdc\n",
    "40fd7868\n",
    "404428dd\n",
    "403c9e40\n",
    "40be282b\n",
    "40939828\n",
    "40ce5227\n",
    "400de73f\n",
    "400a4e0e\n",
    "408ecd58\n",
    "4071b74f\n",
    "40651d85\n",
    "403e34fd\n",
    "4054a892\n",
    "4090a0f3\n",
    "402bf3a9\n",
    "40adb2f4\n",
    "407ec3bc\n",
    "403a6251\n",
    "400d2b56\n",
    "402b541f\n",
    "40266aab\n",
    "4036a877\n",
    "404dccb5\n",
    "40bf8794\n",
    "40c7b588\n",
    "40a7cee2\n",
    "40582ea2\n",
    "\"\"\".split();\n",
    "\n",
    "B_str = \"\"\"\n",
    "40ba21a3\n",
    "40878226\n",
    "4014ad90\n",
    "40539146\n",
    "40cf4f7b\n",
    "4028b352\n",
    "400db3cc\n",
    "40b2cdbe\n",
    "40575b85\n",
    "40c101d3\n",
    "4057c829\n",
    "40421398\n",
    "404f5320\n",
    "401433fe\n",
    "4076e7fb\n",
    "405640f6\n",
    "40595f01\n",
    "406d58e4\n",
    "40c0be0c\n",
    "40968417\n",
    "402e0fce\n",
    "40ea6689\n",
    "40c776d4\n",
    "4008ee66\n",
    "4084c719\n",
    "40e4577c\n",
    "40743f0d\n",
    "4041c78e\n",
    "40e09ad0\n",
    "40454711\n",
    "4013666b\n",
    "404de301\n",
    "40ad2faa\n",
    "4048dd97\n",
    "401a3ab2\n",
    "40b499d0\n",
    "4029ecab\n",
    "408802f0\n",
    "40943a80\n",
    "400b9438\n",
    "403a16a7\n",
    "40025207\n",
    "40d03668\n",
    "408c7b51\n",
    "40a17f67\n",
    "40d8a135\n",
    "409cb497\n",
    "407c05dd\n",
    "40f3eb5d\n",
    "40afec4c\n",
    "40b9c617\n",
    "40ced771\n",
    "40809c3b\n",
    "403e53e6\n",
    "40aab765\n",
    "40e81545\n",
    "408bf013\n",
    "4065b771\n",
    "40339681\n",
    "4061fd17\n",
    "407437e0\n",
    "40f6308c\n",
    "401582bc\n",
    "406756f5\n",
    "\"\"\".split();\n",
    "\n",
    "C_str = \"\"\"\n",
    "43536ec9\n",
    "4336a7f3\n",
    "433255c7\n",
    "433f9b3a\n",
    "433ea528\n",
    "433ec6a9\n",
    "432e7ed7\n",
    "43373a15\n",
    "43353e7a\n",
    "432d2788\n",
    "430d7f84\n",
    "431d7634\n",
    "432212c8\n",
    "431677d1\n",
    "430fe754\n",
    "431772ed\n",
    "433d5ab6\n",
    "433752ea\n",
    "43231c96\n",
    "4325cef4\n",
    "432ec351\n",
    "4328b373\n",
    "4318f74a\n",
    "432284f3\n",
    "434d4ba1\n",
    "434e3e54\n",
    "431dc6b0\n",
    "433199f5\n",
    "43464c65\n",
    "4331138d\n",
    "431fa7e4\n",
    "432594c7\n",
    "4340d3f1\n",
    "4333152d\n",
    "433411f4\n",
    "4335e3bb\n",
    "4341d207\n",
    "43494175\n",
    "432de216\n",
    "4323b37a\n",
    "43164c64\n",
    "430e329f\n",
    "430ede1e\n",
    "430b82f3\n",
    "430fa2e2\n",
    "431e937f\n",
    "43089f44\n",
    "430430b0\n",
    "42ff8693\n",
    "42eb4228\n",
    "42eb52cf\n",
    "42f8091f\n",
    "42e7952b\n",
    "43049116\n",
    "42ee2c16\n",
    "42cd4d8f\n",
    "4318a3d3\n",
    "4304ff07\n",
    "430b66c0\n",
    "4312e57d\n",
    "430973c0\n",
    "43192a9f\n",
    "43074efe\n",
    "42fff8b2\n",
    "\"\"\".split();\n"
   ]
  },
  {
   "cell_type": "code",
   "execution_count": 41,
   "metadata": {},
   "outputs": [
    {
     "name": "stdout",
     "output_type": "stream",
     "text": [
      "40f9ada7 409cb09b 4059e320 40329e60 40cecf33 40db146d 40e3fd8c 407c4599 \n",
      "40dd0448 40db8291 40650f51 4073d090 40af23ae 4003166a 40a71c49 40564897 \n",
      "40c63b1b 406a75f5 40d0477c 40c399da 401a1e0c 4003dcfa 40eeceda 4080ea9f \n",
      "40f587a3 40f354ef 404c3eec 40ed45e2 40f90726 40261f8a 4054dadc 40870f20 \n",
      "40f402bc 40932a93 40c09715 4096c219 40c76bdc 40fd7868 404428dd 403c9e40 \n",
      "40be282b 40939828 40ce5227 400de73f 400a4e0e 408ecd58 4071b74f 40651d85 \n",
      "403e34fd 4054a892 4090a0f3 402bf3a9 40adb2f4 407ec3bc 403a6251 400d2b56 \n",
      "402b541f 40266aab 4036a877 404dccb5 40bf8794 40c7b588 40a7cee2 40582ea2 \n",
      "7.8024 4.8966 3.4045 2.7909 6.4628 6.8462 7.1247 3.9417 \n",
      "6.9068 6.8597 3.5791 3.8096 5.4731 2.0482 5.2222 3.3482 \n",
      "6.1947 3.6634 6.5087 6.1125 2.4081 2.0604 7.4628 4.0286 \n",
      "7.6728 7.6041 3.1913 7.4148 7.7821 2.5957 3.3259 4.2206 \n",
      "7.6253 4.5989 6.0184 4.7112 6.2319 7.9209 3.0650 2.9472 \n",
      "5.9424 4.6123 6.4475 2.2172 2.1610 4.4626 3.7768 3.5799 \n",
      "2.9720 3.3228 4.5196 2.6867 5.4281 3.9807 2.9123 2.2058 \n",
      "2.6770 2.6003 2.8540 3.2156 5.9853 6.2409 5.2440 3.3778 \n"
     ]
    }
   ],
   "source": [
    "for i in range(8):\n",
    "    for j in range(8):\n",
    "        print(A_str[i*8+j], end=\" \")\n",
    "    print()\n",
    "for i in range(8):\n",
    "    for j in range(8):\n",
    "        f = struct.unpack('!f', bytes.fromhex(A_str[i*8+j]))[0]\n",
    "        print(\"{:.4f}\".format(f), end=\" \")\n",
    "    print()"
   ]
  },
  {
   "cell_type": "code",
   "execution_count": 42,
   "metadata": {},
   "outputs": [
    {
     "name": "stdout",
     "output_type": "stream",
     "text": [
      "40ba21a3 40878226 4014ad90 40539146 40cf4f7b 4028b352 400db3cc 40b2cdbe \n",
      "40575b85 40c101d3 4057c829 40421398 404f5320 401433fe 4076e7fb 405640f6 \n",
      "40595f01 406d58e4 40c0be0c 40968417 402e0fce 40ea6689 40c776d4 4008ee66 \n",
      "4084c719 40e4577c 40743f0d 4041c78e 40e09ad0 40454711 4013666b 404de301 \n",
      "40ad2faa 4048dd97 401a3ab2 40b499d0 4029ecab 408802f0 40943a80 400b9438 \n",
      "403a16a7 40025207 40d03668 408c7b51 40a17f67 40d8a135 409cb497 407c05dd \n",
      "40f3eb5d 40afec4c 40b9c617 40ced771 40809c3b 403e53e6 40aab765 40e81545 \n",
      "408bf013 4065b771 40339681 4061fd17 407437e0 40f6308c 401582bc 406756f5 \n",
      "5.8166 4.2346 2.3231 3.3057 6.4785 2.6359 2.2141 5.5876 \n",
      "3.3650 6.0315 3.3716 3.0324 3.2394 2.3157 3.8579 3.3477 \n",
      "3.3964 3.7086 6.0232 4.7036 2.7197 7.3250 6.2333 2.1396 \n",
      "4.1493 7.1357 3.8163 3.0278 7.0189 3.0825 2.3031 3.2170 \n",
      "5.4121 3.1385 2.4098 5.6438 2.6551 4.2504 4.6321 2.1809 \n",
      "2.9076 2.0363 6.5066 4.3901 5.0468 6.7697 4.8970 3.9379 \n",
      "7.6225 5.4976 5.8054 6.4638 4.0191 2.9739 5.3349 7.2526 \n",
      "4.3731 3.5893 2.8061 3.5311 3.8159 7.6934 2.3361 3.6147 \n"
     ]
    }
   ],
   "source": [
    "for i in range(8):\n",
    "    for j in range(8):\n",
    "        print(B_str[i*8+j], end=\" \")\n",
    "    print()\n",
    "for i in range(8):\n",
    "    for j in range(8):\n",
    "        f = struct.unpack('!f', bytes.fromhex(B_str[i*8+j]))[0]\n",
    "        print(\"{:.4f}\".format(f), end=\" \")\n",
    "    print()"
   ]
  },
  {
   "cell_type": "code",
   "execution_count": 43,
   "metadata": {},
   "outputs": [
    {
     "name": "stdout",
     "output_type": "stream",
     "text": [
      "43536ec9 4336a7f3 433255c7 433f9b3a 433ea528 433ec6a9 432e7ed7 43373a15 \n",
      "43353e7a 432d2788 430d7f84 431d7634 432212c8 431677d1 430fe754 431772ed \n",
      "433d5ab6 433752ea 43231c96 4325cef4 432ec351 4328b373 4318f74a 432284f3 \n",
      "434d4ba1 434e3e54 431dc6b0 433199f5 43464c65 4331138d 431fa7e4 432594c7 \n",
      "4340d3f1 4333152d 433411f4 4335e3bb 4341d207 43494175 432de216 4323b37a \n",
      "43164c64 430e329f 430ede1e 430b82f3 430fa2e2 431e937f 43089f44 430430b0 \n",
      "42ff8693 42eb4228 42eb52cf 42f8091f 42e7952b 43049116 42ee2c16 42cd4d8f \n",
      "4318a3d3 4304ff07 430b66c0 4312e57d 430973c0 43192a9f 43074efe 42fff8b2 \n",
      "211.4328 182.6561 178.3351 191.6064 190.6451 190.7760 174.4955 183.2269 \n",
      "181.2440 173.1544 141.4981 157.4617 162.0734 150.4680 143.9036 151.4489 \n",
      "189.3543 183.3239 163.1117 165.8084 174.7630 168.7010 152.9660 162.5193 \n",
      "205.2954 206.2435 157.7761 177.6014 198.2984 177.0764 159.6558 165.5812 \n",
      "192.8279 179.0827 180.0701 181.8896 193.8204 201.2557 173.8831 163.7011 \n",
      "150.2984 142.1977 142.8676 139.5115 143.6363 158.5762 136.6221 132.1902 \n",
      "127.7628 117.6292 117.6617 124.0178 115.7913 132.5667 119.0861 102.6515 \n",
      "152.6399 132.9962 139.4014 146.8964 137.4521 153.1665 135.3086 127.9857 \n"
     ]
    }
   ],
   "source": [
    "for i in range(8):\n",
    "    for j in range(8):\n",
    "        print(C_str[i*8+j], end=\" \")\n",
    "    print()\n",
    "for i in range(8):\n",
    "    for j in range(8):\n",
    "        f = struct.unpack('!f', bytes.fromhex(C_str[i*8+j]))[0]\n",
    "        print(\"{:.4f}\".format(f), end=\" \")\n",
    "    print()"
   ]
  },
  {
   "cell_type": "code",
   "execution_count": null,
   "metadata": {},
   "outputs": [],
   "source": []
  }
 ],
 "metadata": {
  "kernelspec": {
   "display_name": "Python 3",
   "language": "python",
   "name": "python3"
  },
  "language_info": {
   "codemirror_mode": {
    "name": "ipython",
    "version": 3
   },
   "file_extension": ".py",
   "mimetype": "text/x-python",
   "name": "python",
   "nbconvert_exporter": "python",
   "pygments_lexer": "ipython3",
   "version": "3.8.3"
  }
 },
 "nbformat": 4,
 "nbformat_minor": 4
}
